4294967294,0
4294967279,84
4294967278,83
4294967278,81
4294967278,72
4294967278,70
4294967278,69
4294967278,67
4294967279,81
4294967279,69
4294967279,67
4294967279,516
4294967279,565
4294967279,338
4294967279,550
4294967279,540
4294967294,5
4294967279,206
4294967294,7
4294967294,17
4294967294,946
4294967294,26
4294967294,46
4294967279,205
4294967294,436
4294967294,43
4294967294,416
4294967294,51
4294967294,25
4294967294,920
4294967294,27
0,5
4294967294,93
4294967294,95
4294967279,204
4294967294,67
4294967294,81
4294967294,969
4294967293,131
4294967293,130
4294967293,129
4294967293,128
4294967293,127
4294967293,126
4294967293,125
4294967293,124
4294967293,123
4294967293,122
4294967293,121
4294967293,120
4294967293,119
4294967293,118
4294967293,117
4294967293,116
4294967293,115
4294967293,114
4294967293,113
4294967293,112
4294967293,111
4294967293,110
4294967293,109
4294967293,108
4294967293,107
4294967293,106
4294967293,105
4294967293,104
4294967293,103
4294967293,102
4294967293,101
4294967293,100
4294967293,99
4294967293,98
4294967293,97
4294967293,96
4294967293,95
4294967293,94
4294967293,93
4294967293,92
4294967293,91
4294967293,90
4294967293,89
4294967293,87
4294967293,86
4294967293,85
4294967293,84
4294967293,83
4294967293,82
4294967293,81
4294967293,80
4294967293,79
4294967293,78
4294967293,77
4294967293,76
4294967293,75
4294967293,74
4294967293,73
4294967293,72
4294967293,71
4294967293,70
4294967293,69
4294967293,68
4294967293,67
4294967293,66
4294967293,65
4294967293,64
4294967293,63
4294967293,62
4294967293,61
4294967293,60
4294967293,59
4294967293,58
4294967293,57
4294967293,56
4294967293,55
4294967293,54
4294967293,53
4294967293,52
4294967293,51
4294967293,50
4294967293,49
4294967293,48
4294967293,47
4294967293,46
4294967293,45
4294967293,44
4294967293,43
4294967293,42
4294967293,41
4294967293,40
4294967293,39
4294967293,38
4294967293,37
4294967293,36
4294967293,35
4294967293,34
4294967293,33
4294967293,32
4294967293,31
4294967293,30
4294967293,29
4294967293,28
4294967293,27
4294967293,26
4294967293,25
4294967293,24
4294967293,23
4294967293,22
4294967293,21
4294967293,20
4294967293,19
4294967293,18
4294967293,17
4294967293,16
4294967293,15
4294967293,14
4294967293,13
4294967293,12
4294967293,11
4294967293,10
4294967293,9
4294967293,8
4294967293,7
4294967293,6
4294967293,5
4294967293,4
4294967293,3
4294967278,260
4294967279,113
4294967279,112
4294967279,111
4294967279,110
4294967279,109
4294967279,108
4294967279,107
4294967279,106
4294967279,105
4294967279,104
4294967279,103
4294967279,102
4294967279,101
4294967279,100
4294967279,99
4294967279,98
4294967279,97
4294967279,96
4294967279,95
4294967279,94
4294967279,93
4294967279,92
4294967279,90
4294967279,260
4294967278,411
4294967279,91
4294967294,1417
4294967278,325
4294967279,514
4294967279,200
4294967279,319
4294967279,195
4294967278,192
266,5
266,4
266,3
266,2
266,1
4294967279,191
4294967278,315
4294967279,345
4294967279,186
4294967278,184
4294967279,539
4294967279,181
264,5
264,4
264,3
264,2
264,1
4294967278,396
4294967278,176
4294967279,176
4294967278,175
4294967279,175
4294967278,173
4294967279,171
4294967278,172
4294967278,171
262,6
4294967294,960
4294967294,162
4294967294,188
4294967294,173
4294967278,168
4294967279,170
4294967279,169
262,5
4294967278,167
4294967279,167
4294967278,166
262,4
4294967279,166
262,3
262,2
262,1
4294967279,293
4294967278,165
4294967278,164
4294967279,162
4294967278,163
4294967279,306
4294967278,162
261,5
4294967279,161
4294967278,160
4294967279,160
261,4
4294967278,159
261,3
261,2
261,1
4294967278,401
4294967278,158
4294967278,271
4294967278,153
4294967278,152
4294967279,151
4294967278,149
4294967278,151
260,5
4294967279,150
260,4
4294967278,150
260,3
260,2
260,1
4294967278,391
4294967279,149
4294967279,343
4294967278,382
4294967278,145
4294967279,571
4294967278,399
4294967278,369
259,5
4294967278,144
4294967278,143
259,4
259,3
259,2
259,1
4294967279,287
4294967278,142
4294967278,141
4294967278,140
4294967278,343
4294967279,299
4294967279,531
4294967278,139
4294967279,272
4294967278,277
4294967279,136
4294967278,136
4294967278,340
4294967279,135
4294967278,135
4294967278,134
4294967278,133
4294967278,276
257,4
257,3
257,2
257,1
4294967279,267
4294967278,288
4294967278,406
4294967279,266
4294967278,390
4294967279,347
4294967278,272
4294967279,278
4294967278,389
4294967278,387
4294967279,296
4294967278,304
4294967294,405
4294967294,118
4294967294,465
4294967294,455
4294967294,110
4294967278,282
4294967278,266
4294967278,265
4294967279,275
4294967278,339
4294967278,174
4294967278,29
4294967278,28
4294967278,27
4294967278,26
4294967278,25
4294967278,24
4294967278,23
4294967278,22
4294967278,21
4294967278,20
4294967278,19
4294967278,18
4294967278,17
4294967278,16
4294967278,15
4294967278,14
4294967278,13
4294967278,12
4294967278,11
4294967278,10
4294967278,9
4294967278,8
4294967278,6
4294967279,132
